 M=[1 0 0; 0 j 1; j j+1 -3];
 k=2.75;
 v=[1;3;-7;-0.5];
 w =[1 -5.5 -1.7 -1.5 3 -10.7];
 y = 1:0.5:100.5;