X = [1, -3, 3, 14, -10, 12];
Y = [12, 6, 0, -1, -10, 2];
A = X & Y
B = X | Y