C = [1 2 3 4 10; -22 1 11 -12 4; 8 1 6 -11 5; 18 1 11 6 4];
A = C > 10
B = C < -10
D = C== 0